구분 전체 1급 2급 3급 4급 5급 6급
2003년 126,488 2,110 40,368 22,054 22,748 16,206 23,002
2004년 141,908 2,694 41,904 24,872 26,078 20,979 25,381
2005년 160,565 3,298 43,564 28,401 30,270 26,987 28,045
2006년 182,361 6,985 46,266 33,293 33,503 32,841 29,473
2007년 203,324 5,519 46,396 36,996 39,947 41,551 32,915
2008년 223,102 6,007 47,182 41,251 44,942 48,488 35,232
2009년 245,801 6,432 49,028 46,053 50,984 56,063 37,241
2010년 260,403 6,643 48,369 45,957 57,372 62,744 39,318
2011년 261,067 6,662 47,636 44,864 58,088 64,098 39,719
2012년 258,589 6,698 47,085 43,875 57,156 64,216 39,559
2013년 255,399 6,731 46,596 42,793 56,056 64,041 39,182
2014년 252,779 6,740 46,071 41,633 55,219 64,173 38,943
2015년 250,334 6,836 45,429 40,772 54,540 64,084 38,673
2016년 271,843 6,940 45,392 41,788 61,525 75,333 40,865